long n     = 1000000;        // Number of rows in A
   long d     = 1000;         // Number of cols in A
   double eta = 1/double (n*d);       // Learning rate
   long T     = 100;

double sf = 0.5; //stopping factor

standard gradient descent
87682.687500, 2.911794
85489.710938, 4.834332
83352.085938, 6.783067
81266.687500, 8.738424
79234.773438, 10.671087
77252.546875, 12.609999
75322.039062, 14.565277
73440.257812, 16.498681
71604.156250, 18.432555
69814.429688, 20.376633
68071.250000, 22.311450
66373.070312, 24.268695
64713.093750, 26.199693
63095.664062, 28.139562
61518.113281, 30.063864
59980.746094, 31.999946
58481.648438, 33.921747
57020.632812, 35.839559
55595.750000, 37.782589
54206.320312, 39.734500
52853.250000, 41.674563
51532.843750, 43.597258
50245.687500, 45.542551
48991.128906, 47.461188
47767.902344, 49.391674
46576.324219, 51.346924
45412.578125, 53.261499
44278.109375, 55.187317
43172.742188, 57.115856

SGD with 1 Threads
87682.687500,0.000000
85517.007812,2.317175,3021784806.376073
83404.921875,4.632319,1511554612.528804
81344.218750,6.955325,1006711232.813536
79335.414062,9.271767,755196169.670825
77375.437500,11.625784,602282225.459223
75465.593750,13.954790,501763423.219209
73603.171875,16.276814,430182648.581072
71786.578125,18.605011,376350398.345927
70015.132812,20.928422,334569089.842062
68287.609375,23.260794,301021666.323930
66603.898438,25.581008,273718813.747733
64960.402344,27.905884,250914931.593221
63356.992188,30.215073,231738741.019295
61792.593750,32.540978,215174941.008763
60266.890625,34.861655,200851136.877186
58779.785156,37.198799,188231963.649598
57328.492188,39.521228,177170687.655165
55913.523438,41.849408,167314268.427815
54534.488281,44.188139,158458881.807069
53189.527344,46.509886,150548702.699465
51877.183594,48.822548,143417403.902198
50597.394531,51.147155,136899168.682988
49349.582031,53.467582,130957914.879771
48132.996094,55.798494,125487311.314374
46947.039062,58.121246,120472348.027527
45789.265625,60.475154,115783137.284636
44659.128906,62.835681,111433551.056128
43557.582031,65.152963,107470217.052586

SGD with 2 Threads
87682.687500,0.000000
83409.437500,3.652798,3285976112.444622
79343.046875,7.109340,1688343128.570046
75484.703125,9.839859,1219835122.628995
71807.992188,13.653869,879091872.327718
68314.507812,17.421676,688969595.628854
64993.765625,21.239869,565116733.798200
61831.816406,24.850858,483001639.013847
58820.855469,28.343655,423481200.372648
55959.023438,32.115959,373739575.638331
53240.632812,35.272732,340291332.295179
50654.257812,38.983310,307901129.604965
48190.070312,42.717984,280982479.985353
45849.515625,46.502564,258114909.604682
43622.890625,50.286002,238694756.445343

SGD with 3 Threads
87682.687500,0.000000
81702.351562,4.548072,3738728630.505744
76149.570312,9.315422,1825361008.359819
70983.273438,14.042785,1210871401.778594
66152.289062,18.757871,906499841.621154
61655.628906,23.368638,727642202.266662
57479.652344,27.591594,616274914.979899
53579.320312,31.878067,533407730.568655
49937.644531,36.202468,469691933.375281
46550.320312,40.478835,420071558.236547
43388.164062,44.971385,378107258.947708

SGD with 4 Threads
87682.687500,0.000000
79749.820312,5.560274,3957540757.662213
72581.539062,11.192160,1966109345.852550
66111.640625,17.299171,1272026829.263325
60175.445312,23.183238,949177572.585284
54778.484375,29.319154,750533556.491668
49855.484375,35.170638,625664204.620501
45372.046875,40.989204,536848899.375676
41305.289062,46.532848,472891949.127142

SGD with 5 Threads
87682.687500,0.000000
78214.312500,7.241600,3729288019.054775
69719.398438,14.225137,1898471092.383483
62170.425781,21.107634,1279442867.337277
55487.054688,28.584542,944776780.641315
49500.335938,35.573053,759170459.729727
44145.222656,42.610769,633783706.807934
39363.703125,49.679481,543604941.857652

SGD with 6 Threads
87682.687500,0.000000
78041.664062,8.183655,3911090168.010782
69319.171875,16.028480,1996883871.689020
61590.300781,23.963846,1335637562.786746
54622.878906,31.575887,1013653659.371843
48455.886719,39.270040,815049161.218325
43107.246094,47.308492,676559574.187402
